val_loss: 0.181741
val_dice: 0.682153
val_miou: 0.598091
