val_loss: 0.226900
val_dice: 0.700134
val_miou: 0.617335
