val_loss: 0.223805
val_dice: 0.707884
val_miou: 0.623655
