val_loss: 0.223841
val_dice: 0.707392
val_miou: 0.622102
